21
0 1 0
1 0 0
1 2 0
1 6 170
1 15 180
2 1 0
3 4 0
3 7 170
3 12 170
3 16 170
4 3 0
4 5 0
5 4 0
5 9 170
5 11 170
5 18 170
6 1 170
6 7 0
6 15 170
7 6 0
7 3 170
7 8 0
7 12 170
7 16 170
8 7 0
8 9 0
9 5 170
9 8 0
9 10 0
9 11 170
9 18 170
10 9 0
11 5 170
11 9 170
11 18 170
12 3 170
12 7 170
12 16 170
13 14 170
13 17 0
14 13 170
14 19 0
15 1 180
15 6 170
15 16 0
16 3 170
16 7 170
16 12 170
16 15 0
16 17 0
17 13 0
17 16 0
17 19 170
18 5 170
18 9 170
18 11 170
18 19 0
19 17 170
19 18 0
19 20 0
19 14 0
20 19 0
=