35
366
0
160
242
161
176
77
151
226
244
241
234
380
10
193
253
329
80
199
374
1
2
3
4
5
6
7
8
9
10
11
12
13
14
15
=
0 19 75
0 15 140
0 16 118
1 5 211
1 17 85
1 6 90
1 13 101
2 14 146
2 13 138
2 3 120
3 10 75
4 7 86
5 15 99
5 1 211
6 1 90
7 17 98
7 4 86
8 11 87
8 18 92
9 16 111
9 10 70
10 9 70
10 3 75
11 8 87
12 15 151
12 19 71
13 14 97
13 1 101
13 2 138
14 15 80
14 13 97
14 2 146
15 12 151
15 5 99
15 14 80
15 0 140
16 0 118
16 9 111
17 18 142
17 7 98
17 1 85
18 8 92
18 17 142
19 12 71
19 0 75
20 9 150
9 20 150
21 8 75
8 21 75
22 3 85
3 22 85
20 4 150
4 20 150
21 5 75
5 21 75
22 6 85
6 22 85
23 1 150
1 23 150
24 3 75
3 24 75
25 3 85
3 25 85
26 9 150
9 26 150
27 8 75
8 27 75
28 4 85
4 28 85
29 7 150
7 29 150
30 10 75
10 30 75
31 13 85
13 31 85
32 19 150
19 32 150
33 18 75
18 33 75
34 13 85
13 34 85
